Date,Description,Withdrawals,Deposits,Category,Balance,Spending_Label
2025-06-02,ACH WEB         XXXXX1905 APPLECARD GSBANK PAYMENT,$50.00,,Credit Card Payment,$228.47,necessary
2025-06-02,ACH WEB         43FYVIPK9KOU0JO CAPITAL ONE      MOBILE PMT,$50.00,,Credit Card Payment,$278.47,necessary
2025-06-02,ACH WEB         4925 DISCOVER         E-PAYMENT,$150.00,,Credit Card Payment,$328.47,necessary
2025-06-02,ACH WEB         XXXXX2986 CHASE CREDIT CRD EPAY,$200.00,,Credit Card Payment,$478.47,necessary
2025-06-02,POS PURCHASE          POS99999999  7312055 TRADER JOE S #           SAN DIEGO    CA,$6.98,,Groceries,$678.47,necessary
2025-06-02,POS PURCHASE          POS00M9JP20  7312054 7-ELEVEN                 San Diego    CA,$10.23,,Groceries,$685.45,necessary
2025-06-02,ZEL FROM JIYA RATHI ,,$22.00,Transfers,$695.68,uncategorized
2025-06-02,ACH CREDIT      XXXXX2714 PAYROLL ST OF CA CA PAYROLL,,$448.00,Paychecks,$673.68,uncategorized
2025-06-02,RTP Received VENMO                  05/31 84122 ,,$63.87,Transfers,$225.68,uncategorized
2025-05-29,DEBIT CARD PURCHASE   XXXXX4938 SAN DIEGO INDIAN SPICE    SAN DIEGO   CA,$40.92,,Restaurants and Dining,$161.81,discretionary
2025-05-29,POS PURCHASE          POS99999999  1997882 RALPHS #0220 6           SAN DIEGO    CA,$17.85,,Groceries,$202.73,necessary
2025-05-29,RECURRING DEBIT CARD  XXXXX8149 HELP.MAX.COM              MAX.COM     NY,$16.99,,Entertainment,$220.58,discretionary
2025-05-28,ACH WEB         XXXXX5366 CHASE CREDIT CRD EPAY,$35.00,,Credit Card Payment,$237.57,necessary
2025-05-28,DEBIT CARD PURCHASE   XXXXX4938 PARCEL PENDING            XXXXX1676 CA,$4.99,,Restaurants and Dining,$272.57,discretionary
2025-05-27,POS PURCHASE          POS99999999  9209619 TRADER JOE S #           SAN DIEGO    CA,$5.44,,Groceries,$277.56,necessary
2025-05-27,ZEL FROM JIYA RATHI ,,$26.00,Transfers,$283.00,uncategorized
2025-05-23,POS PURCHASE          POS00M9JP20  2464217 7-ELEVEN                 San Diego    CA,$20.99,,Groceries,$257.00,necessary
2025-05-19,ZEL TO PRATISHRUTI KALITA ,$22.00,,Transfers,$277.99,uncategorized
2025-05-19,POS PURCHASE          POSIMBXV2YM  7231074 UBER TRIP* TRI           SAN FRANCISC CA,$11.38,,Travel,$299.99,discretionary
2025-05-19,DEBIT CARD PURCHASE   XXXXX4938 SQ *SAN DIEGO PADRES      SAN DIEGO   CA,$10.00,,Entertainment,$311.37,discretionary
2025-05-19,RECURRING DEBIT CARD  XXXXX8138 BEENVERIFIED INC         XXXXX6471 NY,$32.89,,Services and Supplies,$321.37,uncategorized
2025-05-19,DEBIT CARD PURCHASE   XXXXX4938 LYFT   *1 RIDE 05-15      LYFT.COM    CA,$44.09,,Travel,$354.26,discretionary
2025-05-16,ZEL TO PRATISHRUTI KALITA ,$55.00,,Transfers,$398.35,uncategorized
2025-05-15,ACH WEB         XXXXX1905 APPLECARD GSBANK PAYMENT,$50.00,,Credit Card Payment,$453.35,necessary
2025-05-15,ACH WEB         43CDI35ZA8THAV8 CAPITAL ONE      MOBILE PMT,$50.00,,Credit Card Payment,$503.35,necessary
2025-05-15,ACH WEB         XXXXX9616 CHASE CREDIT CRD EPAY,$100.00,,Credit Card Payment,$553.35,necessary
2025-05-15,ACH WEB         4925 DISCOVER         E-PAYMENT,$150.00,,Credit Card Payment,$653.35,necessary
2025-05-15,N0515 4938 PAYMENT    POS00001000  2083978 Hulu                     SANTA MONICA CA,$1.99,,Entertainment,$803.35,discretionary
2025-05-15,POS PURCHASE          POS99999999  2083977 RALPHS #0220 6           SAN DIEGO    CA,$7.00,,Groceries,$805.34,necessary
2025-05-15,ZEL FROM JIYA RATHI ,,$20.00,Transfers,$812.34,uncategorized
2025-05-14,RECURRING DEBIT CARD  XXXXX8134 BLDRESUMEBUILDERCOM     XXXXX4189  PR,$23.95,,Services and Supplies,$792.34,uncategorized
2025-05-14,ACH CREDIT      XXXXX2714 PAYROLL ST OF CA CA PAYROLL,,$678.68,Paychecks,$816.29,uncategorized
2025-05-09,POS PURCHASE          POS00M9JP20  2442078 7-ELEVEN                 San Diego    CA,$10.23,,Groceries,$137.61,necessary
2025-05-09,RECURRING DEBIT CARD  XXXXX8129 MicrosoftUltimate 1 M    XXXXX6830 WA,$19.99,,Entertainment,$147.84,discretionary
2025-05-09,DEBIT CARD PURCHASE   XXXXX4938 BEENVERIFIED INC         XXXXX6471 NY,$1.00,,Other Expenses,$167.83,uncategorized
2025-05-09,DEBIT CARD PURCHASE   XXXXX4938 MTS PRONTO               XXXXX5636 CA,$5.00,,Travel,$168.83,uncategorized
2025-05-07,POS PURCHASE          POSIMBXV2YM  2005766 UBER TRIP* TRI           SAN FRANCISC CA,$9.04,,Travel,$173.83,discretionary
2025-05-07,DEBIT CARD PURCHASE   XXXXX4938 CASH APP*ARKAJIT DUTTA    Oakland     CA,$50.00,,Transfers,$182.87,uncategorized
2025-05-07,DEBIT CARD PURCHASE   XXXXX4938 STARBUCKS STUDENT UNIO    XXXXX7611 CA,$7.45,,Restaurants and Dining,$232.87,luxury
2025-05-07,ZEL FROM JIYA RATHI ,,$8.00,Transfers,$240.32,uncategorized
2025-05-06,POS PURCHASE          POS99999999  2003153 TRADER JOE S #           SAN DIEGO    CA,$20.98,,Groceries,$232.32,necessary
2025-05-06,DEBIT CARD PURCHASE   XXXXX4938 Subway 57844              San Diego   CA,$17.00,,Restaurants and Dining,$253.30,discretionary
2025-05-05,POS PURCHASE          POSIMBXV2YM  7262670 UBER TRIP* TRI           SAN FRANCISC CA,$17.00,,Travel,$270.30,discretionary
2025-05-05,DEBIT CARD PURCHASE   XXXXX4938 ELITE VAPE & SMOKE        SAN DIEGO   CA,$25.77,,Groceries,$287.30,necessary
2025-05-05,DEBIT CARD PURCHASE   XXXXX4938 PBC- SAN DIEGO CA951      SAN DIEGO   CA,$4.75,,Other Expenses,$313.07,uncategorized
2025-05-05,DEBIT CARD PURCHASE   XXXXX4938 MTS PRONTO               XXXXX5636 CA,$5.00,,Travel,$317.82,uncategorized
2025-05-05,ZEL FROM JIYA RATHI ,,$10.00,Transfers,$322.82,uncategorized
2025-05-02,POS PURCHASE          POS99999999  2557205 TRADER JOE S #           SAN DIEGO    CA,$11.38,,Groceries,$312.82,necessary
2025-05-02,POS PURCHASE          POSIMBXV2YM  2557204 UBER TRIP* TRI           SAN FRANCISC CA,$20.27,,Travel,$324.20,discretionary
2025-05-02,ACH WEB         439LX25EGBM7M84 CAPITAL ONE      MOBILE PMT,$20.00,,Credit Card Payment,$344.47,necessary
2025-05-02,ACH WEB         XXXXX1905 APPLECARD GSBANK PAYMENT,$50.00,,Credit Card Payment,$364.47,necessary
2025-05-02,ACH WEB         XXXXX2206 CHASE CREDIT CRD EPAY,$131.00,,Credit Card Payment,$414.47,necessary
2025-05-02,ACH WEB         4925 DISCOVER         E-PAYMENT,$150.00,,Credit Card Payment,$545.47,necessary
2025-05-02,DEBIT CARD PURCHASE   XXXXX4938 SDSU BOOKSTORE 304        XXXXX7611 CA,$20.47,,Hobbies,$695.47,uncategorized
2025-05-02,ZEL FROM JIYA RATHI ,,$20.00,Transfers,$715.94,uncategorized
2025-05-01,DEBIT CARD PURCHASE   XXXXX4938 STARBUCKS STUDENT UNIO    XXXXX7611 CA,$7.65,,Restaurants and Dining,$695.94,luxury
2025-05-01,ACH CREDIT      XXXXX2714 PAYROLL ST OF CA CA PAYROLL,,$448.00,Paychecks,$703.59,uncategorized
2025-04-30,ACH WEB         XXXXX0254 S335AO2          RENT,"$2,092.95",,Rent,$255.59,necessary
2025-04-30,DEBIT CARD PURCHASE   XXXXX4938 STARBUCKS STUDENT UNIO    XXXXX7611 CA,$6.95,,Restaurants and Dining,"$2,348.54",luxury
2025-04-29,DOMESTIC INCOMING WIRE FEE ,$15.00,,Service Charges and Fees,"$2,355.49",uncategorized
2025-04-29,POS PURCHASE          POS99999999  1988817 TRADER JOE S #           SAN DIEGO    CA,$7.41,,Groceries,"$2,370.49",necessary
2025-04-29,POS PURCHASE          POSIMBXV2YM  1988816 UBER TRIP* TRI           SAN FRANCISC CA,$7.20,,Travel,"$2,377.90",discretionary
2025-04-29,RECURRING DEBIT CARD  XXXXX8119 HELP.MAX.COM              MAX.COM     NY,$16.99,,Entertainment,"$2,385.10",discretionary
2025-04-29,DEBIT CARD PURCHASE   XXXXX4938 PANDA EXPRESS 885         SAN DIEGO   CA,$10.99,,Restaurants and Dining,"$2,402.09",discretionary
2025-04-29,DOMESTIC INCOMING WIRE    254TE384417O4E32  REF:20250429G1B76E2C001292 4677161736 ORIG :AVIJIT DUTTA 1203480823 YRREF:0016OT7635906 OBI:/ROC/106580357729///URI/MONTHLY RENTAL,,"$2,276.00",Transfers,"$2,413.08",uncategorized
2025-04-28,DEBIT CARD PURCHASE   XXXXX4938 PARCEL PENDING            XXXXX1676 CA,$4.99,,Restaurants and Dining,$137.08,discretionary
2025-04-28,POS PURCHASE          POSIMBXV2YM  7181529 UBER TRIP* TRI           SAN FRANCISC CA,$29.08,,Travel,$142.07,discretionary
2025-04-28,DEBIT CARD PURCHASE   XXXXX4938 LYFT   *RIDE SAT 4PM      LYFT.COM    CA,$24.97,,Travel,$171.15,discretionary
2025-04-28,DEBIT CARD PURCHASE   XXXXX4938 TST* BETTER BUZZ LA JO    LA JOLLA    CA,$7.58,,Restaurants and Dining,$196.12,discretionary
2025-04-28,POS PURCHASE          POSIMBXV2YM  7181528 UBER TRIP* TRI           SAN FRANCISC CA,$9.37,,Travel,$203.70,discretionary
2025-04-28,DEBIT CARD PURCHASE   XXXXX4938 TST* BABA'S PIZZA - SD    SAN DIEGO   CA,$13.99,,Restaurants and Dining,$213.07,discretionary
2025-04-25,ACH WEB         TrnWise WISE INC         WISE,$145.00,,Services and Supplies,$227.06,uncategorized
2025-04-25,DEBIT CARD PURCHASE   XXXXX4938 PANDA EXPRESS 885         SAN DIEGO   CA,$10.99,,Restaurants and Dining,$372.06,discretionary
2025-04-25,"ACH WEB PAYMENT Dutta,Arkajit GOLDMAN SACHS BA P2P",,$250.00,Transfers,$383.05,uncategorized
2025-04-24,POS PURCHASE          POS99999999  2088856 TRADER JOE S #           SAN DIEGO    CA,$8.41,,Groceries,$133.05,necessary
2025-04-23,POS PURCHASE          POSIMBXV2YM  2015641 UBER TRIP* TRI           SAN FRANCISC CA,$9.49,,Travel,$141.46,discretionary
2025-04-22,POS PURCHASE          POSIMBXV2YM  1982606 UBER TRIP* TRI           SAN FRANCISC CA,$7.64,,Travel,$150.95,discretionary
2025-04-21,DEBIT CARD PURCHASE   XXXXX4938 ELITE VAPE & SMOKE        SAN DIEGO   CA,$41.46,,Groceries,$158.59,necessary
2025-04-21,POS PURCHASE          POSIMBXV2YM  7041808 UBER TRIP* TRI           SAN FRANCISC CA,$26.52,,Travel,$200.05,discretionary
2025-04-21,POS PURCHASE          POSIMBXV2YM  7041811 UBER TRIP* TRI           SAN FRANCISC CA,$22.47,,Travel,$226.57,discretionary
2025-04-21,POS PURCHASE          POSIMBXV2YM  7041810 UBER TRIP* TRI           SAN FRANCISC CA,$6.40,,Travel,$249.04,discretionary
2025-04-21,DEBIT CARD PURCHASE   XXXXX4938 TARGET        00003053    SAN DIEGO   CA,$7.85,,General Merchandise,$255.44,uncategorized
2025-04-21,POS PURCHASE          POS99999999  7041809 TARGET T-0305            San Diego    CA,$21.85,,General Merchandise,$263.29,uncategorized
2025-04-21,POS PURCHASE          POSIMBXV2YM  7041806 UBER TRIP* TRI           SAN FRANCISC CA,$8.45,,Travel,$285.14,discretionary
2025-04-21,POS PURCHASE          POSIMBXV2YM  7041807 UBER TRIP* TRI           SAN FRANCISC CA,$7.44,,Travel,$293.59,discretionary
2025-04-18,ZEL FROM JIYA RATHI ,,$16.00,Transfers,$301.03,uncategorized
2025-04-17,POS PURCHASE          POSIMBXV2YM  2197662 UBER TRIP* TRI           SAN FRANCISC CA,$7.98,,Travel,$285.03,discretionary
2025-04-17,POS PURCHASE          POS99999999  2197663 TRADER JOE S #           SAN DIEGO    CA,$2.30,,Groceries,$293.01,necessary
2025-04-16,ZEL TO JIYA RATHI ,$16.00,,Transfers,$295.31,uncategorized
2025-04-16,RECURRING DEBIT CARD  XXXXX8106 BLDRESUMEBUILDERCOM     XXXXX4189  PR,$23.95,,Services and Supplies,$311.31,uncategorized
2025-04-16,POS PURCHASE          POS99999999  2102612 TRADER JOE S #           SAN DIEGO    CA,$8.87,,Groceries,$335.26,necessary
2025-04-15,N0415 4938 PAYMENT    POS00001000  2069001 Hulu                     SANTA MONICA CA,$1.99,,Entertainment,$344.13,discretionary
2025-04-14,ACH WEB         XXXXX7740 VENMO            PAYMENT,$8.00,,Transfers,$346.12,uncategorized
2025-04-14,ACH WEB         4925 DISCOVER         E-PAYMENT,$50.00,,Credit Card Payment,$354.12,necessary
2025-04-14,ACH WEB         XXXXX1905 APPLECARD GSBANK PAYMENT,$100.00,,Credit Card Payment,$404.12,necessary
2025-04-14,ACH WEB         435M9E19KCX945G CAPITAL ONE      MOBILE PMT,$100.00,,Credit Card Payment,$504.12,necessary
2025-04-14,ACH WEB         XXXXX1552 CHASE CREDIT CRD EPAY,$250.00,,Credit Card Payment,$604.12,necessary
2025-04-14,POS PURCHASE          POSJWNCZTH6  7241914 UBER EATS* EAT           SAN FRANCISC CA,$27.14,,Restaurants and Dining,$854.12,discretionary
2025-04-14,POS PURCHASE          POS99999999  7241913 RALPHS #0220 6           SAN DIEGO    CA,$16.28,,Groceries,$881.26,necessary
2025-04-14,DEBIT CARD PURCHASE   XXXXX4938 CASH APP*HEILY PHAM       Oakland     CA,$4.00,,Transfers,$897.54,uncategorized
2025-04-14,DEBIT CARD PURCHASE   XXXXX4938 JCB Insurance Solution    XXXXX2703 IL,$914.00,,Insurance,$901.54,necessary
2025-04-14,DEBIT CARD PURCHASE   XXXXX4938 PBC- SAN DIEGO CA951      SAN DIEGO   CA,$4.25,,Other Expenses,"$1,815.54",uncategorized
2025-04-14,ACH CREDIT      XXXXX2714 PAYROLL ST OF CA CA PAYROLL,,$785.84,Paychecks,"$1,819.79",uncategorized
2025-04-11,ZEL TO JIYA RATHI ,$7.00,,Transfers,"$1,033.95",uncategorized
2025-04-11,POS PURCHASE          POSIMBXV2YM  2357502 UBER TRIP* TRI           SAN FRANCISC CA,$7.90,,Travel,"$1,040.95",discretionary
2025-04-11,DEBIT CARD PURCHASE   XXXXX4938 PANDA EXPRESS 885         SAN DIEGO   CA,$9.37,,Restaurants and Dining,"$1,048.85",discretionary
2025-04-11,DEBIT CARD PURCHASE   XXXXX4938 AZTEC MARKET BELL PAVI    XXXXX7611 CA,$3.04,,Groceries,"$1,058.22",necessary
2025-04-10,DOMESTIC INCOMING WIRE FEE ,$15.00,,Service Charges and Fees,"$1,061.26",uncategorized
2025-04-10,DEBIT CARD PURCHASE   XXXXX4938 TST*HALAL SHACK           San Diego   CA,$16.15,,Restaurants and Dining,"$1,076.26",discretionary
2025-04-10,DOMESTIC INCOMING WIRE    254AB3125K0D6YIE  REF:20250410G1B76E2C000312 4677161736 ORIG :AVIJIT DUTTA 1203480823 YRREF:0016OT6557331 OBI:/ROC/106505564849///URI/MAHARAJ INSURANCE PAYMENT,,$930.00,Transfers,"$1,092.41",uncategorized
2025-04-09,RECURRING DEBIT CARD  XXXXX8099 MicrosoftUltimate 1 M    XXXXX6830 WA,$19.99,,Entertainment,$162.41,discretionary
2025-04-09,DEBIT CARD PURCHASE   XXXXX4938 TST*BCB CAFE - SDSU -     San Diego   CA,$7.75,,Restaurants and Dining,$182.40,discretionary
2025-04-07,POS PURCHASE          POSJWNCZTH6  7110667 UBER EATS* EAT           SAN FRANCISC CA,$21.78,,Restaurants and Dining,$190.15,discretionary
2025-04-07,POS PURCHASE          POSIMBXV2YM  7110666 UBER TRIP* TRI           SAN FRANCISC CA,$7.92,,Travel,$211.93,discretionary
2025-04-07,DEBIT CARD PURCHASE   XXXXX4938 ELITE VAPE & SMOKE        SAN DIEGO   CA,$28.02,,Groceries,$219.85,necessary
2025-04-03,DEBIT CARD PURCHASE   XXXXX4938 SAN DIEGO INDIAN SPICE    SAN DIEGO   CA,$42.43,,Restaurants and Dining,$247.87,discretionary
2025-04-02,ACH WEB         XXXXX1905 APPLECARD GSBANK PAYMENT,$25.00,,Credit Card Payment,$290.30,necessary
2025-04-02,ACH WEB         4925 DISCOVER         E-PAYMENT,$31.28,,Credit Card Payment,$315.30,necessary
2025-04-02,ACH WEB         433AO4S5FEEDYKK CAPITAL ONE      MOBILE PMT,$50.00,,Credit Card Payment,$346.58,necessary
2025-04-02,ACH WEB         XXXXX3705 CHASE CREDIT CRD EPAY,$250.00,,Credit Card Payment,$396.58,necessary
2025-04-02,RECURRING DEBIT CARD  XXXXX8092 BLDRESUMEBUILDERCOM     XXXXX4189  PR,$2.95,,Services and Supplies,$646.58,uncategorized
2025-04-01,DEBIT CARD PURCHASE   XXXXX4938 CASH APP*ARKAJIT DUTTA    Oakland     CA,$30.00,,Transfers,$649.53,uncategorized
2025-04-01,ACH CREDIT      XXXXX2714 PAYROLL ST OF CA CA PAYROLL,,$448.00,Paychecks,$679.53,uncategorized
2025-03-31,POS PURCHASE          POSIMBXV2YM  7016246 UBER TRIP* TRI           SAN FRANCISC CA,$26.65,,Travel,$231.53,discretionary
2025-03-31,DEBIT CARD PURCHASE   XXXXX4938 LYFT   *RIDE SUN 9PM      LYFT.COM    CA,$22.99,,Travel,$258.18,discretionary
2025-03-31,POS PURCHASE          POSJWNCZTH6  7016245 UBER EATS* EAT           SAN FRANCISC CA,$26.46,,Restaurants and Dining,$281.17,discretionary
2025-03-31,RECURRING DEBIT CARD  XXXXX8089 HELP.MAX.COM              MAX.COM     NY,$16.99,,Entertainment,$307.63,discretionary
2025-03-31,ZEL FROM JIYA RATHI ,,$23.00,Transfers,$324.62,uncategorized
2025-03-28,ACH WEB         XXXXX2557 S335AO2          RENT,"$2,085.95",,Rent,$301.62,necessary
2025-03-28,DEBIT CARD PURCHASE   XXXXX4938 PARCEL PENDING            XXXXX1676 CA,$4.99,,Restaurants and Dining,"$2,387.57",discretionary
2025-03-28,DEBIT CARD PURCHASE   XXXXX4938 TST*HALAL SHACK           San Diego   CA,$17.22,,Restaurants and Dining,"$2,392.56",discretionary
2025-03-27,ZEL TO JIYA RATHI ,$25.00,,Transfers,"$2,409.78",uncategorized
